# x_i   c0_i    c1_i    c2_i    c3_i
0.00000000e+00 -1.71503728e+00 5.55111512e-17 -4.76760677e-03 1.91232120e-02
3.06276515e-02 1.77770008e+00 -1.57582693e-01 -9.59399458e-03 1.89279178e-02
6.12553031e-02 -2.67676852e+00 5.75764338e-03 -1.42440393e-02 1.85373293e-02
9.18829546e-02 7.72390417e-01 -2.40191757e-01 -2.14242056e-02 1.80295643e-02
1.22510606e-01 2.30620139e+00 -1.69222244e-01 -3.39635950e-02 1.71702696e-02
1.53138258e-01 -4.80715106e-01 4.26783536e-02 -3.78393372e-02 1.60375630e-02
1.83765909e-01 -4.46183276e+00 -1.49117068e-03 -3.65778705e-02 1.49048564e-02
2.14393561e-01 6.09257075e+00 -4.11457548e-01 -4.92255199e-02 1.36549733e-02
2.45021212e-01 4.84008737e-01 1.48345854e-01 -5.72840132e-02 1.19363840e-02
2.75648864e-01 -5.30961117e+00 1.92818007e-01 -4.68349653e-02 1.03349712e-02
3.06276515e-01 4.44046875e+00 -2.95044755e-01 -4.99659305e-02 8.92885266e-03
3.36904167e-01 -1.57628569e+00 1.12958633e-01 -5.55428008e-02 7.24932220e-03
3.67531818e-01 5.94316580e+00 -3.18751529e-02 -5.30594042e-02 5.60885058e-03
3.98159470e-01 -1.13203994e+01 5.14200480e-01 -3.82869122e-02 4.12461435e-03
4.28787122e-01 8.31590234e-01 -5.25951262e-01 -3.86468110e-02 3.10908430e-03
4.59414773e-01 2.15522679e+01 -4.49542294e-01 -6.85238877e-02 1.45594495e-03
4.90042425e-01 -2.44670446e+01 1.53074376e+00 -3.54092259e-02 -4.45270868e-04
5.20670076e-01 1.01414623e+01 -7.17360582e-01 -1.04972093e-02 -7.96800500e-04
5.51297728e-01 2.15162608e-01 2.14466937e-01 -2.58996607e-02 -1.49985976e-03
5.81925379e-01 -4.20462639e+00 2.34236713e-01 -1.21569216e-02 -2.08574249e-03
6.12553031e-01 4.36786754e+00 -1.52096783e-01 -9.64116849e-03 -2.35915442e-03
6.43180682e-01 -1.03136840e+00 2.49235793e-01 -6.66602875e-03 -2.67162521e-03
6.73808334e-01 -1.60189123e+00 1.54470617e-01 5.69855049e-03 -2.67162521e-03
7.04435985e-01 6.41446971e-01 7.28411823e-03 1.06527182e-02 -2.39821327e-03
7.35063637e-01 -9.63896659e-01 6.62221612e-02 1.29040429e-02 -2.04668364e-03
7.65691288e-01 3.21413966e+00 -2.23435118e-02 1.42479429e-02 -1.61703631e-03
7.96318940e-01 -9.17366746e+00 2.72981137e-01 2.19243847e-02 -1.10927128e-03
8.26946592e-01 1.44475685e+01 -5.69922534e-01 1.28297671e-02 -4.45270868e-04
8.57574243e-01 -7.69573870e+00 7.57562744e-01 1.85767460e-02 -1.71858931e-04
8.88201895e-01 -8.54341364e+00 5.04555341e-02 4.33244483e-02 8.86635850e-04
9.18829546e-01 1.10088053e+01 -7.34538554e-01 2.23725919e-02 2.01543656e-03
9.49457198e-01 -2.99982304e+00 2.76983007e-01 8.35874006e-03 2.32790734e-03
9.80084849e-01 -3.69010434e-01 1.35040261e-03 1.68834387e-02 2.75755467e-03
1.01071250e+00 -9.62124287e-01 -3.25553663e-02 1.59277040e-02 3.26531970e-03
1.04134015e+00 1.49851305e+00 -1.20958189e-01 1.12259443e-02 3.69496702e-03
1.07196780e+00 -9.53436117e-01 1.67296181e-02 8.03366798e-03 3.96837896e-03
1.10259546e+00 -4.03763113e-01 -7.08749094e-02 6.37532487e-03 4.20273205e-03
1.13322311e+00 -1.50505963e-01 -1.07973857e-01 8.97607166e-04 4.31990859e-03
1.16385076e+00 2.36528423e+00 -1.21802790e-01 -6.13991191e-03 4.24179090e-03
1.19447841e+00 -2.51314463e+00 9.55265139e-02 -6.94469253e-03 4.00743781e-03
1.22510606e+00 8.89807973e-01 -1.35388640e-01 -8.16557585e-03 3.81214357e-03
1.25573371e+00 1.67290727e+00 -5.36304548e-02 -1.39547868e-02 3.46061394e-03
1.28636136e+00 -2.14344800e+00 1.00081208e-01 -1.25321093e-02 3.03096661e-03
1.31698902e+00 1.03398403e-01 -9.68651272e-02 -1.24336083e-02 2.67943698e-03
1.34761667e+00 5.80834619e+00 -8.73645764e-02 -1.80761315e-02 2.21073080e-03
1.37824432e+00 -1.11013078e+01 4.46323433e-01 -7.08206472e-03 1.74202462e-03
1.40887197e+00 6.71049441e+00 -5.73697524e-01 -1.09832340e-02 1.62484808e-03
1.43949962e+00 5.14615173e+00 4.28825298e-02 -2.72408507e-02 9.43093640e-04
1.47012727e+00 -8.75650224e+00 5.15726155e-01 -1.01319785e-02 2.96847245e-04
1.50075493e+00 4.66736249e+00 -2.88847143e-01 -3.18320718e-03 2.18729549e-04
1.53138258e+00 -1.75596412e+00 1.40003913e-01 -7.74192575e-03 -1.56235392e-05
1.56201023e+00 2.35649399e+00 -2.13392585e-02 -4.10750606e-03 -1.71858931e-04
1.59263788e+00 -3.59152005e+00 1.95182372e-01 1.21690024e-03 -2.49976627e-04
1.62326553e+00 3.85260260e+00 -1.34817101e-01 3.06574671e-03 -1.32800083e-04
1.65389318e+00 -5.02140402e+00 2.19171408e-01 5.64932103e-03 -5.46823873e-05
1.68452083e+00 6.71653260e+00 -2.42210029e-01 4.94370218e-03 1.79670701e-04
1.71514849e+00 -2.81176467e+00 3.74924831e-01 9.00844489e-03 2.96847245e-04
1.74577614e+00 -6.34545204e+00 1.16571585e-01 2.40618259e-02 8.43671118e-04
1.77640379e+00 7.80111383e+00 -4.66467296e-01 1.33453420e-02 1.50767153e-03
1.80703144e+00 -3.10704702e+00 2.50322092e-01 6.72532198e-03 1.70296577e-03
1.83765909e+00 5.48582469e-01 -3.51625689e-02 1.33151529e-02 2.05449541e-03
1.86828674e+00 -4.46780120e-01 1.52428093e-02 1.27050574e-02 2.44508389e-03
1.89891440e+00 -1.20959257e-01 -2.58086682e-02 1.23814500e-02 2.83567237e-03
1.92954205e+00 -4.28880120e-01 -3.69227621e-02 1.04601336e-02 3.18720200e-03
1.96016970e+00 1.83647974e+00 -7.63295347e-02 6.99148170e-03 3.46061394e-03
1.99079735e+00 -2.83854703e+00 9.24116496e-02 7.48403911e-03 3.65590818e-03
2.02142500e+00 1.36072478e+00 -1.68402438e-01 5.15661972e-03 3.89026126e-03
2.05205265e+00 1.14642435e-01 -4.33750248e-02 -1.32962662e-03 3.92932011e-03
2.08268030e+00 -4.59797255e-01 -3.28413392e-02 -3.66395486e-03 3.85120242e-03
2.11330796e+00 3.65049319e-01 -7.50888695e-02 -6.96960368e-03 3.69496702e-03
2.14393561e+00 3.59097243e-01 -4.15470595e-02 -1.05418883e-02 3.42155509e-03
2.17456326e+00 -4.41941026e-01 -8.55214377e-03 -1.20763092e-02 3.07002546e-03
2.20519091e+00 2.76816413e+00 -4.91589910e-02 -1.38438657e-02 2.67943698e-03
2.23581856e+00 -6.55222369e+00 2.05188108e-01 -9.06506032e-03 2.28884850e-03
2.26644621e+00 1.10613269e+00 -3.96849564e-01 -1.49352006e-02 2.01543656e-03
2.29707387e+00 1.20326016e+01 -2.95214824e-01 -3.61315075e-02 1.21752009e-03
2.32770152e+00 -1.29185406e+01 8.10376161e-01 -2.03533256e-02 1.79670701e-04
2.35832917e+00 4.87727370e+00 -3.76617521e-01 -7.06831716e-03 -5.46823873e-05
2.38895682e+00 -1.15256510e+00 7.15207966e-02 -1.64127133e-02 -4.84329716e-04
2.41958447e+00 1.09248398e+00 -3.43802905e-02 -1.52751869e-02 -9.53035892e-04
2.45021212e+00 -4.98376292e-01 6.60003656e-02 -1.43067382e-02 -1.42174207e-03
2.48083977e+00 9.01021186e-01 2.02080794e-02 -1.16663760e-02 -1.81233055e-03
2.51146743e+00 -1.74621119e+00 1.02996568e-01 -7.89290700e-03 -2.12480133e-03
2.54209508e+00 2.00533176e+00 -5.74504750e-02 -6.49793713e-03 -2.32009557e-03
2.57272273e+00 -8.37126782e-01 1.26805332e-01 -4.37376074e-03 -2.51538981e-03
2.60335038e+00 -1.63218945e-02 4.98876497e-02 1.03793033e-03 -2.55444866e-03
2.63397803e+00 -4.57082906e-01 4.83879459e-02 4.04788103e-03 -2.47633097e-03
2.66460568e+00 4.85156251e-01 6.38981798e-03 5.72559529e-03 -2.32009557e-03
2.69523334e+00 -1.24044833e-01 5.09674078e-02 7.48231242e-03 -2.12480133e-03
2.72586099e+00 -1.34847418e+00 3.95698020e-02 1.02552545e-02 -1.85138940e-03
2.75648864e+00 2.79894704e+00 -8.43319903e-02 8.88429383e-03 -1.53891861e-03
2.78711629e+00 -3.04982764e+00 1.72843534e-01 1.15951945e-02 -1.26550668e-03
2.81774394e+00 1.24337995e+00 -1.07383642e-01 1.36000773e-02 -8.35859348e-04
2.84837159e+00 -5.64194870e-01 6.86178153e-03 1.05213288e-02 -4.84329716e-04
2.87899924e+00 1.01339954e+00 -4.49781101e-02 9.35391516e-03 -1.71858931e-04
2.90962690e+00 -2.12990601e+00 4.81360335e-02 9.45063494e-03 1.01553005e-04
2.94025455e+00 2.06823544e+00 -1.47566024e-01 6.40532784e-03 3.74964941e-04
2.97088220e+00 -7.05046690e-01 4.24695594e-02 3.18646995e-03 4.92141485e-04
3.00150985e+00 -3.09636052e-01 -2.23122137e-02 3.80384211e-03 6.09318029e-04
3.06276515e+00 1.08241268e+00 -7.92127643e-02 -2.41510118e-03 6.87435725e-04
3.09339281e+00 -1.59893002e+00 2.02425107e-02 -4.22122156e-03 5.70259181e-04
3.12402046e+00 1.23481562e+00 -1.26671904e-01 -7.48090394e-03 4.14023789e-04
3.15464811e+00 7.38159340e-01 -1.32133965e-02 -1.17652622e-02 1.01553005e-04
3.18527576e+00 -1.46845845e+00 5.46108646e-02 -1.04973550e-02 -2.49976627e-04
3.21590341e+00 -3.02314610e-01 -8.03154364e-02 -1.12846256e-02 -5.62447412e-04
3.24653106e+00 2.67771689e+00 -1.08092996e-01 -1.70551334e-02 -9.92094740e-04
3.27715871e+00 -2.25156934e+00 1.37943543e-01 -1.61408813e-02 -1.53891861e-03
3.30778637e+00 8.90571422e-01 -6.89373005e-02 -1.40273821e-02 -1.96856594e-03
3.33841402e+00 -1.31071635e+00 1.28910331e-02 -1.57439477e-02 -2.43727212e-03
3.36904167e+00 4.35229396e+00 -1.07541457e-01 -1.86428679e-02 -2.94503714e-03
3.39966932e+00 -5.22248137e+00 2.92360171e-01 -1.29823047e-02 -3.49186101e-03
3.43029697e+00 2.94265884e+00 -1.87496847e-01 -9.77058738e-03 -3.76527295e-03
3.46092462e+00 2.49332321e-01 8.28833416e-02 -1.29746534e-02 -4.15586143e-03
3.49155228e+00 -1.22099360e+00 1.05792732e-01 -7.19594834e-03 -4.46833222e-03
3.52217993e+00 5.56150263e-01 -6.39576715e-03 -4.15165274e-03 -4.62456761e-03
3.55280758e+00 3.55889809e-01 4.47049622e-02 -2.97833206e-03 -4.74174415e-03
3.58343523e+00 7.39285033e-01 7.74051694e-02 7.61614497e-04 -4.78080300e-03
3.61406288e+00 -3.31302994e+00 1.45332863e-01 7.58355732e-03 -4.66362646e-03
3.64469053e+00 2.99635387e+00 -1.59078117e-01 7.16257245e-03 -4.39021452e-03
3.67531818e+00 -5.15401944e-01 1.16235729e-01 5.85041073e-03 -4.23397913e-03
3.70594584e+00 -9.34746092e-01 6.88790760e-02 1.15200425e-02 -3.96056719e-03
3.73657349e+00 1.75894517e-01 -1.70081568e-02 1.31087269e-02 -3.56997871e-03
3.76720114e+00 2.31168026e-01 -8.46448887e-04 1.25618823e-02 -3.17939023e-03
3.79782879e+00 2.58930646e-01 2.03939523e-02 1.31605764e-02 -2.78880175e-03
3.82845644e+00 -1.26689061e+00 4.41852652e-02 1.51384862e-02 -2.35915442e-03
3.85908409e+00 7.30140001e-01 -7.22203874e-02 1.42798362e-02 -1.89044825e-03
3.88971175e+00 -2.94172126e-01 -5.13296682e-03 1.19106846e-02 -1.49985976e-03
3.92033940e+00 4.46548503e-01 -3.21623709e-02 1.07684160e-02 -1.14833013e-03
3.95096705e+00 -1.49202188e+00 8.86782489e-03 1.00549588e-02 -8.35859348e-04
3.98159470e+00 2.80254450e+00 -1.28223554e-01 6.39937312e-03 -5.62447412e-04
4.01222235e+00 -2.92066980e+00 1.29282515e-01 6.43180660e-03 -4.06212020e-04
4.04285000e+00 7.23151104e-01 -1.39077256e-01 6.13181671e-03 -1.71858931e-04
4.07347765e+00 2.80653864e-02 -7.26319955e-02 -3.52340456e-04 -9.37412353e-05
4.10410531e+00 1.88358188e+00 -7.00532649e-02 -4.72245489e-03 -1.71858931e-04
4.13473296e+00 -3.48390112e+00 1.03015804e-01 -3.71288973e-03 -3.28094324e-04
4.16536061e+00 3.89503900e+00 -2.17095325e-01 -7.20687755e-03 -4.45270868e-04
4.19598826e+00 -2.57977402e+00 1.40792367e-01 -9.54385795e-03 -7.57741652e-04
4.22661591e+00 9.86068008e-01 -9.62448920e-02 -8.17947341e-03 -9.92094740e-04
4.25724356e+00 -5.00074782e-03 -5.64205001e-03 -1.13000312e-02 -1.30456552e-03
4.28787122e+00 3.93432249e-01 -6.10153350e-03 -1.16597095e-02 -1.65609516e-03
4.31849887e+00 -2.09230983e-01 3.00481840e-02 -1.09262799e-02 -2.00762479e-03
4.34912652e+00 -9.16005581e-01 1.08234230e-02 -9.67447854e-03 -2.32009557e-03
4.37975417e+00 2.51375604e+00 -7.33418762e-02 -1.15892719e-02 -2.63256636e-03
4.41038182e+00 -2.34153226e+00 1.57629456e-01 -9.00774131e-03 -2.98409599e-03
4.44100947e+00 1.41438393e+00 -5.75174462e-02 -5.94154555e-03 -3.17939023e-03
4.47163712e+00 -5.97008937e-01 7.24403285e-02 -5.48449271e-03 -3.37468447e-03
4.50226478e+00 9.73651818e-01 1.75853834e-02 -2.72721658e-03 -3.49186101e-03
4.53289243e+00 -1.93810107e+00 1.07047389e-01 1.08999255e-03 -3.53091986e-03
4.56352008e+00 2.70026066e+00 -7.10310633e-02 2.19308802e-03 -3.45280217e-03
4.59414773e+00 -2.06545522e+00 1.77076864e-01 5.44102185e-03 -3.37468447e-03
4.62477538e+00 1.23571178e-01 -1.27032647e-02 1.04753992e-02 -3.10127253e-03
4.65540303e+00 2.11673247e-01 -1.34917974e-03 1.00450058e-02 -2.78880175e-03
4.68603069e+00 1.74873036e+00 1.80999836e-02 1.05580436e-02 -2.47633097e-03
4.71665834e+00 -4.48760017e+00 1.78778496e-01 1.65879691e-02 -2.08574249e-03
4.74728599e+00 3.96619494e+00 -2.33555467e-01 1.49102791e-02 -1.53891861e-03
4.77791364e+00 -5.01201465e-01 1.30870243e-01 1.17652719e-02 -1.18738898e-03
4.80854129e+00 -3.32088635e+00 8.48183715e-02 1.83713076e-02 -7.18682804e-04
4.83916894e+00 1.54927146e+00 -2.20314478e-01 1.42213800e-02 -1.71858931e-04
4.86979659e+00 5.28078410e+00 -7.79628386e-02 5.08584633e-03 1.01553005e-04
4.90042425e+00 -6.96266167e+00 4.07251207e-01 1.51711757e-02 3.35906093e-04
4.93105190e+00 -8.84251862e-02 -2.32498719e-01 2.05234340e-02 9.82547022e-04
4.96167955e+00 4.14420213e+00 -2.40623487e-01 6.03281198e-03 1.39049499e-03
4.99230720e+00 -2.28918966e+00 1.40158049e-01 2.95579158e-03 1.46861269e-03
5.02293485e+00 -4.25432569e-01 -7.01794598e-02 5.09907144e-03 1.62484808e-03
5.05356250e+00 -8.75718652e-02 -1.09269461e-01 -3.97027586e-04 1.70296577e-03
5.08419016e+00 4.85421183e+00 -1.17315823e-01 -7.33680272e-03 1.58578923e-03
5.11481781e+00 -9.81279458e+00 3.28703502e-01 -8.62494542e-04 1.39049499e-03
5.14544546e+00 7.20702119e+00 -5.72925057e-01 -8.34242724e-03 1.39049499e-03
5.17607311e+00 1.37716880e+00 8.92773438e-02 -2.31554209e-02 8.04612270e-04
5.20670076e+00 -3.19921553e+00 2.15815682e-01 -1.38111380e-02 2.18729549e-04
5.23732841e+00 -8.15782074e-01 -7.81376932e-02 -9.59438452e-03 -9.37412353e-05
5.26795606e+00 2.38385203e+00 -1.53094160e-01 -1.66764732e-02 -4.84329716e-04
5.29858372e+00 -5.62642445e-01 6.59412073e-02 -1.93457634e-02 -1.07021244e-03
5.32921137e+00 -1.33282250e-01 1.42439571e-02 -1.68898802e-02 -1.61703631e-03
5.35983902e+00 -2.63725820e-01 1.99759010e-03 -1.63924397e-02 -2.12480133e-03
5.39046667e+00 1.18818553e+00 -2.22343175e-02 -1.70122432e-02 -2.63256636e-03
5.42109432e+00 -4.10524507e-01 8.69396798e-02 -1.50304699e-02 -3.14033138e-03
5.45172197e+00 -9.05584770e-01 4.92194751e-02 -1.08602347e-02 -3.53091986e-03
5.48234963e+00 1.31386906e+00 -3.39883292e-02 -1.03937405e-02 -3.84339065e-03
5.51297728e+00 -2.71399653e-01 8.67338416e-02 -8.77826931e-03 -4.15586143e-03
5.54360493e+00 -2.28270443e-01 6.17968396e-02 -4.22912337e-03 -4.35115567e-03
5.57423258e+00 1.18448142e+00 4.08226768e-02 -1.08612858e-03 -4.42927337e-03
5.60486023e+00 -1.79066072e+00 1.49656330e-01 4.74779606e-03 -4.39021452e-03
5.63548788e+00 5.40172401e-01 -1.48748681e-02 8.87583570e-03 -4.15586143e-03
5.66611553e+00 9.89468384e-01 3.47577681e-02 9.48480224e-03 -3.88244950e-03
5.69674319e+00 -1.77905141e+00 1.25673047e-01 1.43984213e-02 -3.53091986e-03
5.72737084e+00 2.04824544e+00 -3.77914528e-02 1.70900282e-02 -3.02315484e-03
5.75799849e+00 -3.69493582e+00 1.50407390e-01 2.05391899e-02 -2.47633097e-03
5.78862614e+00 5.93401153e+00 -1.89094231e-01 1.93543028e-02 -1.81233055e-03
5.81925379e+00 -1.05246294e+01 3.56140281e-01 2.44705310e-02 -1.22644783e-03
5.84988144e+00 1.44125499e+01 -6.10893767e-01 1.66680300e-02 -4.45270868e-04
5.88050910e+00 -6.93173809e+00 7.13373905e-01 1.98067560e-02 -9.37412353e-05
5.91113675e+00 -9.38329104e+00 7.64653278e-02 4.39976768e-02 9.82924402e-04
5.94176440e+00 1.27827051e+01 -7.85699177e-01 2.22755096e-02 2.13261310e-03
5.97239205e+00 -4.45001737e+00 3.88813535e-01 1.01198344e-02 2.44508389e-03
6.00301970e+00 -4.20624679e-01 -2.00672091e-02 2.14136684e-02 2.99190776e-03
6.03364735e+00 6.94527022e-01 -5.87154474e-02 1.90007407e-02 3.61684933e-03
6.06427500e+00 -2.35748341e+00 5.09974746e-03 1.73586177e-02 4.16367320e-03
6.09490266e+00 3.29741755e+00 -2.11512794e-01 1.10366708e-02 4.63237938e-03
6.12553031e+00 -1.31570593e+00 9.14636736e-02 7.35984822e-03 4.86673247e-03
6.15615796e+00 -7.53588348e-01 -2.94272750e-02 9.25987741e-03 5.14014440e-03
6.18678561e+00 2.51567528e-01 -9.86691990e-02 5.33658324e-03 5.37449749e-03
6.21741326e+00 -2.52681763e-01 -7.55544313e-02 5.22605909e-07 5.45261519e-03
6.24804091e+00 2.11865679e+00 -9.87715782e-02 -5.33867367e-03 5.37449749e-03
6.27866857e+00 -2.78395633e+00 9.58968675e-02 -5.42671931e-03 5.17920325e-03
6.30929622e+00 2.21968222e+00 -1.59901266e-01 -7.38702372e-03 5.02296786e-03
6.33992387e+00 -6.56783480e-01 4.40496946e-02 -1.09352853e-02 4.71049707e-03
6.37055152e+00 -9.52045566e-01 -1.62975121e-02 -1.00853011e-02 4.39802629e-03
6.40117917e+00 1.74597121e+00 -1.03774272e-01 -1.37628179e-02 4.04649666e-03
6.43180682e+00 -5.93850219e-01 5.66507220e-02 -1.52061015e-02 3.57779048e-03
6.46243447e+00 -7.30067602e-01 2.08600928e-03 -1.34071334e-02 3.14814315e-03
6.49306213e+00 7.95126097e-01 -6.49947591e-02 -1.53338807e-02 2.71849582e-03
6.52368978e+00 2.98755228e+00 8.06377597e-03 -1.70775430e-02 2.21073080e-03
6.55431743e+00 -7.30734615e+00 2.82568906e-01 -8.17614645e-03 1.78108347e-03
6.58494508e+00 4.03671030e+00 -3.88851648e-01 -1.14313372e-02 1.58578923e-03
6.61557273e+00 4.75547760e+00 -1.79467786e-02 -2.38906177e-02 9.86886894e-04
6.64620038e+00 -6.74465350e+00 4.19000554e-01 -1.16072824e-02 3.74964941e-04
6.67682804e+00 2.28384319e+00 -2.00718138e-01 -4.92180464e-03 2.18729549e-04
6.70745569e+00 1.68777255e+00 9.12812184e-03 -1.07897569e-02 -5.46823873e-05
6.73808334e+00 -3.59694434e+00 1.64205651e-01 -5.48095051e-03 -3.28094324e-04
6.76871099e+00 3.18352393e+00 -1.66292222e-01 -5.54485730e-03 -4.45270868e-04
6.79933864e+00 -9.80167783e-01 1.26219362e-01 -6.77219490e-03 -6.79623956e-04
6.82996629e+00 -6.22350063e-01 3.61586503e-02 -1.79893772e-03 -7.96800500e-04
6.86059394e+00 7.50573501e-01 -2.10247123e-02 -1.33542073e-03 -8.35859348e-04
6.89122160e+00 -1.02044668e+00 4.79401987e-02 -5.11062594e-04 -8.74918196e-04
6.92184925e+00 1.97171594e+00 -4.58214570e-02 -4.46170512e-04 -8.74918196e-04
6.95247690e+00 -1.46187364e+00 1.35345629e-01 2.29574464e-03 -8.74918196e-04
7.01373220e+00 1.77104229e+00 -1.33296909e-01 2.42123966e-03 -5.62447412e-04
7.04435985e+00 -1.50860866e-01 2.94316901e-02 -7.59908056e-04 -5.62447412e-04
7.07498751e+00 -1.95543232e-02 1.55701480e-02 6.18392562e-04 -5.62447412e-04
7.62628523e+00 5.93853456e-01 -1.67706138e-02 -4.34215220e-05 1.23425960e-03
7.65691288e+00 -5.14641069e-01 3.77943963e-02 6.00487561e-04 1.23425960e-03
7.68754054e+00 1.05213555e-01 -9.49234571e-03 1.46731290e-03 1.27331845e-03
7.71816819e+00 9.37868500e-02 1.74986565e-04 1.18194407e-03 1.31237729e-03
7.74879584e+00 -4.80360955e-01 8.79239945e-03 1.45659405e-03 1.35143614e-03
7.77942349e+00 4.68159704e-01 -3.53445844e-02 6.43362981e-04 1.39049499e-03
7.81005114e+00 -3.27805938e-02 7.67131243e-03 -2.04204349e-04 1.39049499e-03
7.84067879e+00 -3.37037329e-01 4.65933463e-03 1.73454413e-04 1.39049499e-03
7.87130645e+00 5.84898903e-02 -2.63086509e-02 -4.89613303e-04 1.39049499e-03
8.17758296e+00 -7.41061540e-01 2.74335885e-02 -1.45071358e-04 4.53082637e-04
8.20821061e+00 5.54384251e-01 -4.06573354e-02 -5.50083671e-04 4.53082637e-04
8.23883826e+00 -1.16978196e-01 1.02811275e-02 -1.48043558e-03 4.14023789e-04
8.26946592e+00 1.27302580e+00 -4.67174757e-04 -1.17985725e-03 3.74964941e-04
8.30009357e+00 -1.17511431e+00 1.16502197e-01 2.37402298e-03 3.74964941e-04
8.36134887e+00 -3.97860821e-01 -9.94437527e-02 3.41894316e-03 6.87435725e-04
8.39197652e+00 8.48302776e+00 -1.36000380e-01 -3.79215771e-03 6.87435725e-04
8.42260417e+00 -1.31417912e+01 6.43445274e-01 1.17496877e-02 6.87435725e-04
8.45323182e+00 7.37771100e+00 -5.64061333e-01 1.41810314e-02 1.27331845e-03
8.48385948e+00 -5.50855621e-02 1.13824551e-01 3.91336104e-04 1.39049499e-03
8.51448713e+00 -1.71937968e+00 1.08763127e-01 7.20867397e-03 1.50767153e-03
8.54511478e+00 1.35117972e-01 -4.92185583e-02 9.03238428e-03 1.78108347e-03
8.57574243e+00 1.17890780e+00 -3.68035198e-02 6.39773005e-03 2.01543656e-03
8.60637008e+00 -7.72257365e-01 7.15180119e-02 7.46095341e-03 2.21073080e-03
8.63699773e+00 -8.08872870e-01 5.60723469e-04 9.66855580e-03 2.48414274e-03
8.66762539e+00 -7.07429523e-02 -7.37609057e-02 7.42660613e-03 2.75755467e-03
8.69825304e+00 2.45134194e+00 -8.02609772e-02 2.70927756e-03 2.91379006e-03
8.72888069e+00 -2.93713850e+00 1.44975563e-01 4.69133336e-03 2.99190776e-03
8.75950834e+00 1.14022846e+00 -1.24897400e-01 5.30628036e-03 3.18720200e-03
8.79013599e+00 -2.64278056e-01 -2.01298405e-02 8.64436575e-04 3.26531970e-03
8.82076364e+00 -8.31162316e-02 -4.44124891e-02 -1.11234341e-03 3.26531970e-03
8.85139129e+00 5.96742982e-01 -5.20494541e-02 -4.06674619e-03 3.18720200e-03
8.88201895e+00 -9.44358432e-01 2.78105429e-03 -5.57572157e-03 3.03096661e-03
8.91264660e+00 1.82119348e+00 -8.39893887e-02 -8.06294214e-03 2.83567237e-03
8.94327425e+00 -3.62142096e+00 8.33472492e-02 -8.08260936e-03 2.56226043e-03
8.97390190e+00 7.22650129e+00 -2.49399608e-01 -1.31684032e-02 2.28884850e-03
9.00452955e+00 -1.03301143e+01 4.14592682e-01 -8.10892726e-03 1.85920117e-03
9.03515720e+00 4.81944802e+00 -5.34568739e-01 -1.17835122e-02 1.70296577e-03
9.06578486e+00 6.82249049e+00 -9.17436159e-02 -3.09659887e-02 9.79075124e-04
9.09641251e+00 -9.81365480e+00 5.35126968e-01 -1.73861979e-02 1.40611853e-04
9.12704016e+00 5.96724861e+00 -3.66580631e-01 -1.22240194e-02 -1.71858931e-04
9.15766781e+00 -3.17936150e+00 1.81707802e-01 -1.78862400e-02 -7.18682804e-04
9.18829546e+00 1.31220831e+00 -1.10421326e-01 -1.57029027e-02 -1.18738898e-03
9.21892311e+00 6.49522774e-01 1.01482509e-02 -1.87740315e-02 -1.73421285e-03
9.24955076e+00 1.68192388e-01 6.98283225e-02 -1.63245369e-02 -2.28103673e-03
9.28017842e+00 -2.68178959e+00 8.52823360e-02 -1.15738617e-02 -2.71068405e-03
9.31080607e+00 5.12097692e+00 -1.61128415e-01 -1.38968490e-02 -3.06221369e-03
9.34143372e+00 -5.56664269e+00 3.09402074e-01 -9.35557499e-03 -3.49186101e-03
9.37206137e+00 3.55062119e+00 -2.02077503e-01 -6.06847543e-03 -3.64809641e-03
9.40268902e+00 -4.78858481e-01 1.24164062e-01 -8.45478115e-03 -3.92150834e-03
9.43331667e+00 -2.75690002e-01 8.01651304e-02 -2.19665783e-03 -4.07774374e-03
9.46394433e+00 2.22121221e-01 5.48339185e-02 1.93804599e-03 -4.07774374e-03
9.49457198e+00 -1.97229215e+00 7.52430726e-02 5.92199874e-03 -3.96056719e-03
9.52519963e+00 3.58855558e+00 -1.05976958e-01 4.98069203e-03 -3.76527295e-03
9.55582728e+00 -2.86544931e+00 2.23750132e-01 8.58780777e-03 -3.60903756e-03
9.58645493e+00 -2.83741920e-01 -3.95358172e-02 1.42298596e-02 -3.21844908e-03
9.61708258e+00 2.64091973e+00 -6.56068632e-02 1.10095862e-02 -2.82786060e-03
9.64771024e+00 -2.12295340e+00 1.77048644e-01 1.44227863e-02 -2.47633097e-03
9.67833789e+00 -9.46592445e-01 -1.80145868e-02 1.92936260e-02 -1.92950709e-03
9.70896554e+00 3.19032865e+00 -1.04990297e-01 1.55262753e-02 -1.38268322e-03
9.73959319e+00 -5.01723583e+00 1.88146525e-01 1.80731552e-02 -9.13977044e-04
9.77022084e+00 6.00263653e+00 -2.72851927e-01 1.54788277e-02 -3.28094324e-04
9.80084849e+00 -3.43461936e+00 2.78688053e-01 1.56575746e-02 6.24941569e-05
9.83147614e+00 -1.18803856e+00 -3.68949218e-02 2.30631303e-02 7.04795214e-04
9.86210380e+00 1.42414619e+00 -1.46055415e-01 1.74597912e-02 1.34242256e-03
9.89273145e+00 -6.15968548e-01 -1.52006556e-02 1.25208964e-02 1.78108347e-03
9.92335910e+00 1.35345814e+00 -7.17976657e-02 9.85634215e-03 2.13261310e-03
9.95398675e+00 -7.19372220e-01 5.25620673e-02 9.26720095e-03 2.40602504e-03
9.98461440e+00 -1.19496379e+00 -1.35359778e-02 1.04624784e-02 2.71849582e-03
1.00152421e+01 1.42073560e+00 -1.23332782e-01 6.27050974e-03 2.99190776e-03
1.00458697e+01 -4.09486800e-01 7.20860266e-03 2.71389885e-03 3.10908430e-03
1.00764974e+01 -3.72969573e-02 -3.04162544e-02 2.00310298e-03 3.18720200e-03
1.01377527e+01 7.82456373e-01 -3.72701637e-02 -2.14304908e-03 3.18720200e-03
1.01683803e+01 -1.47852271e+00 3.46242397e-02 -2.22408751e-03 3.10908430e-03
1.01990080e+01 1.05314267e+00 -1.01226795e-01 -4.26396737e-03 3.03096661e-03
1.02296356e+01 -1.50534225e-02 -4.46093548e-03 -7.50093436e-03 2.83567237e-03
1.02602633e+01 3.66568290e-01 -5.84408841e-03 -7.81655304e-03 2.60131928e-03
1.02908909e+01 -1.45121974e+00 2.78372891e-02 -7.14295296e-03 2.36696619e-03
1.03215186e+01 2.71931613e+00 -1.05505068e-01 -9.52173463e-03 2.13261310e-03
1.03521462e+01 -2.62855844e+00 1.44353732e-01 -8.33189128e-03 1.82014232e-03
1.03827739e+01 2.35692858e+00 -9.71659839e-02 -6.88664137e-03 1.62484808e-03
1.04134015e+01 -1.36116681e+00 1.19395578e-01 -6.20580111e-03 1.39049499e-03
1.04440292e+01 -9.90753141e-01 -5.67245038e-03 -2.72272880e-03 1.27331845e-03
1.04746568e+01 8.40068898e-01 -9.67057762e-02 -5.85833345e-03 1.15614190e-03
1.05665398e+01 -1.89501164e+00 1.34858261e-01 -2.35277040e-03 4.53082637e-04
1.05971674e+01 6.68750533e-01 -3.92610072e-02 5.75148978e-04 4.53082637e-04
1.06277951e+01 -4.38405048e-02 2.21857676e-02 5.21744911e-05 4.53082637e-04
1.09646993e+01 6.44698150e-01 -2.21243786e-02 7.28567009e-05 1.31237729e-03
1.09953269e+01 -4.19261190e-01 3.71123922e-02 5.31904358e-04 1.31237729e-03
1.10259546e+01 -3.27150657e-01 -1.41056466e-03 1.62536749e-03 1.35143614e-03
1.10565822e+01 3.68366550e-01 -3.14701336e-02 6.18308924e-04 1.39049499e-03
1.10872099e+01 2.13181722e-01 2.37647342e-03 -2.72761562e-04 1.39049499e-03
1.11178375e+01 -1.22109344e+00 2.19642399e-02 4.72737324e-04 1.39049499e-03
1.11484652e+01 1.95219750e+00 -9.02334330e-02 -1.61818773e-03 1.39049499e-03
1.11790928e+01 -1.14970749e+00 8.91402411e-02 -1.65166964e-03 1.31237729e-03
1.12097205e+01 -7.23620652e-02 -1.64982801e-02 5.73183030e-04 1.31237729e-03
1.12403481e+01 4.97819249e-02 -2.31471205e-02 -6.41062486e-04 1.31237729e-03
1.15466246e+01 1.26298703e-01 2.25939830e-02 -8.10475519e-04 3.74964941e-04
1.15772523e+01 -2.10689119e+00 3.41986810e-02 9.28950401e-04 3.74964941e-04
1.16078799e+01 1.67696459e+00 -1.59388707e-01 -2.90532609e-03 3.74964941e-04
1.16691352e+01 -1.06778205e+00 1.48780216e-01 -3.55515241e-03 -1.56235392e-05
1.16997629e+01 -4.37650756e+00 5.06692459e-02 2.55351621e-03 -1.56235392e-05
1.17303905e+01 7.69783417e+00 -3.51457200e-01 -6.65891243e-03 -1.56235392e-05
1.17610182e+01 -4.66287287e+00 3.55842548e-01 -6.52459950e-03 -3.28094324e-04
1.17916458e+01 7.76791942e-02 -7.25959884e-02 2.15057743e-03 -3.28094324e-04
1.18222735e+01 3.75351939e-01 -6.54585945e-02 -2.07771023e-03 -3.28094324e-04
1.19447841e+01 -1.07105262e+00 7.24951861e-02 -1.21565313e-03 -8.74918196e-04
1.19754118e+01 6.21293459e-01 -2.59162929e-02 2.10948973e-04 -8.74918196e-04
1.20060394e+01 -1.41412122e+00 3.11699857e-02 3.71857245e-04 -8.74918196e-04
1.20366671e+01 5.03519141e+00 -9.87636500e-02 -1.69837795e-03 -8.74918196e-04
1.20672947e+01 -7.85066631e+00 3.63884614e-01 6.42165456e-03 -8.74918196e-04
1.20979224e+01 5.97501485e+00 -3.57457802e-01 6.61849271e-03 -5.62447412e-04
1.21285500e+01 -2.45442042e+00 1.91544216e-01 1.53694920e-03 -5.23388564e-04
1.21591777e+01 1.12367232e+00 -3.39751846e-02 6.36291859e-03 -3.67153172e-04
1.21898053e+01 -2.04026884e+00 6.92711479e-02 7.44395106e-03 -1.71858931e-04
1.22204330e+01 4.31840853e+00 -1.18194782e-01 5.94553505e-03 6.24941569e-05
1.22510606e+01 -3.26978932e+00 2.78593353e-01 1.08581666e-02 2.57788397e-04
1.22816883e+01 -9.85800860e-01 -2.18445510e-02 1.87217794e-02 7.57741652e-04
1.23123159e+01 1.37761219e+00 -1.12422847e-01 1.46094844e-02 1.28233203e-03
1.23429436e+01 7.66933760e-01 1.41562318e-02 1.15998087e-02 1.66390693e-03
1.23735712e+01 -2.04008284e+00 8.46243716e-02 1.46252266e-02 2.05449541e-03
1.24041989e+01 1.95540852e+00 -1.02824467e-01 1.40678005e-02 2.52320158e-03
1.24348265e+01 -3.43562198e-01 7.68442456e-02 1.32720873e-02 2.91379006e-03
1.24654542e+01 -1.94065700e+00 4.52767358e-02 1.70123661e-02 3.38249624e-03
1.24960818e+01 1.30870386e+00 -1.33036563e-01 1.43244887e-02 3.89026126e-03
1.25267095e+01 7.84333355e-01 -1.27889857e-02 9.85819464e-03 4.24179090e-03
1.25573371e+01 -1.72704275e+00 5.92778803e-02 1.12820403e-02 4.55426168e-03
1.25879648e+01 6.85848573e-01 -9.94079101e-02 1.00529517e-02 4.90579131e-03
1.26185924e+01 3.43145722e-01 -3.63901168e-02 5.89377709e-03 5.14014440e-03
1.26492201e+01 -6.98934193e-01 -4.86087401e-03 4.63035612e-03 5.29637979e-03
1.26798477e+01 -2.66403479e-01 -6.90810128e-02 2.36568978e-03 5.41355634e-03
1.27104754e+01 4.05050844e-01 -9.35589516e-02 -2.61559037e-03 5.41355634e-03
1.27411030e+01 1.36519463e+00 -5.63416832e-02 -7.20669478e-03 5.25732095e-03
1.27717307e+01 -3.14683485e+00 6.90964333e-02 -6.81604674e-03 5.02296786e-03
1.28023583e+01 3.06516116e+00 -2.20044050e-01 -1.14392177e-02 4.78861477e-03
1.28329860e+01 -9.56826196e-01 6.15920136e-02 -1.62922315e-02 4.31990859e-03
1.28636136e+01 -1.95685091e+00 -2.63240043e-02 -1.52120552e-02 3.85120242e-03
1.28942413e+01 7.42473256e+00 -2.06125248e-01 -2.23314299e-02 3.30437854e-03
1.29248689e+01 -1.14281122e+01 4.76081118e-01 -1.40633156e-02 2.64037813e-03
1.29554966e+01 2.74657325e+00 -5.73967593e-01 -1.70613484e-02 2.32790734e-03
1.29861243e+01 1.32599362e+01 -3.21604328e-01 -4.44906131e-02 1.34585631e-03
1.30167519e+01 -1.42245447e+01 8.96757792e-01 -2.68750132e-02 6.24941569e-05
1.30473796e+01 4.86020138e+00 -4.10235400e-01 -1.19739749e-02 -3.28094324e-04
1.30780072e+01 -1.06426310e-01 3.63342630e-02 -2.34256887e-02 -9.40016276e-04
1.31086349e+01 -7.31038073e-01 2.65554992e-02 -2.14995230e-02 -1.62646431e-03
1.31392625e+01 2.95244657e+00 -4.06144389e-02 -2.19301153e-02 -2.28103673e-03
1.31698902e+01 -3.95310738e+00 2.30665076e-01 -1.61093106e-02 -2.90597829e-03
1.32005178e+01 3.34350210e+00 -1.32558111e-01 -1.31045246e-02 -3.29656677e-03
1.32311455e+01 -2.62341469e+00 1.74652741e-01 -1.18152650e-02 -3.72621410e-03
1.32617731e+01 1.71216760e+00 -6.63943518e-02 -8.49956474e-03 -3.99962604e-03
1.32924008e+01 -1.46763916e-01 9.09246662e-02 -7.74825882e-03 -4.27303798e-03
1.33230284e+01 2.34385330e-01 7.74395639e-02 -2.59165785e-03 -4.42927337e-03
1.33536561e+01 5.68719864e-01 9.89755805e-02 2.81152372e-03 -4.42927337e-03
1.33842837e+01 -3.86876205e+00 1.51231242e-01 1.04747711e-02 -4.23397913e-03
1.34149114e+01 4.03035021e+00 -2.04242046e-01 8.85117466e-03 -3.88244950e-03
1.34455390e+01 -1.37666068e+00 1.66078440e-01 7.68231302e-03 -3.68715525e-03
1.34761667e+01 1.16795243e-01 3.95867890e-02 1.39813560e-02 -3.33562562e-03
1.35067943e+01 -1.80951482e+00 5.03182810e-02 1.67349371e-02 -2.86691945e-03
1.35374220e+01 3.04277224e+00 -1.15945287e-01 1.47249361e-02 -2.35915442e-03
1.35680496e+01 -2.20459056e+00 1.63633617e-01 1.61855176e-02 -1.92950709e-03
1.35986773e+01 3.37600929e-01 -3.89306775e-02 2.00048758e-02 -1.34362437e-03
1.36293049e+01 -1.86480769e+00 -7.91090667e-03 1.85702281e-02 -7.57741652e-04
1.36599326e+01 1.68364077e+00 -1.79254947e-01 1.28377775e-02 -2.49976627e-04
1.36905602e+01 4.64672549e+00 -2.45570589e-02 6.59549441e-03 2.34353088e-05
1.37211879e+01 -7.84085343e+00 4.02397808e-01 1.81678692e-02 3.35906093e-04
1.37518155e+01 1.66309578e+00 -3.18042972e-01 2.07514598e-02 1.04454519e-03
1.37824432e+01 3.13060928e+00 -1.65232818e-01 5.94985726e-03 1.42955384e-03
1.38130708e+01 -3.50376865e+00 1.22416812e-01 4.63850354e-03 1.54673038e-03
1.38436985e+01 2.72748174e+00 -1.99519804e-01 2.27701996e-03 1.70296577e-03
1.38743261e+01 -1.96816925e+00 5.10892769e-02 -2.26905851e-03 1.66390693e-03
1.39049538e+01 3.78569799e+00 -1.29751929e-01 -4.67831080e-03 1.58578923e-03
1.39355815e+01 -7.73663365e+00 2.18089188e-01 -1.97274802e-03 1.42955384e-03
1.39662091e+01 6.49647816e+00 -4.92775571e-01 -1.03857468e-02 1.35143614e-03
1.39968368e+01 1.59938107e+00 1.04140038e-01 -2.22887405e-02 7.57741652e-04
1.40274644e+01 -5.55271722e+00 2.51095896e-01 -1.14086981e-02 2.18729549e-04
1.40580921e+01 4.56942007e+00 -2.59104168e-01 -1.16539727e-02 -5.46823873e-05
1.40887197e+01 -3.20848221e+00 1.60747649e-01 -1.46664019e-02 -5.23388564e-04
1.41193474e+01 1.46702243e+00 -1.34057176e-01 -1.38489354e-02 -9.13977044e-04
1.41499750e+01 1.41888429e+00 7.37179048e-04 -1.79322138e-02 -1.42174207e-03
1.41806027e+01 -1.70457053e+00 1.31108460e-01 -1.38940915e-02 -1.92950709e-03
1.42112303e+01 -3.85912361e-02 -2.55125166e-02 -1.06599358e-02 -2.28103673e-03
1.42418580e+01 1.85893547e+00 -2.90583934e-02 -1.23313146e-02 -2.63256636e-03
1.42724856e+01 -1.95916160e+00 1.41746090e-01 -8.87995508e-03 -2.98409599e-03
1.43031133e+01 5.39721850e-01 -3.82674657e-02 -5.71064782e-03 -3.17939023e-03
1.43337409e+01 1.15977146e+00 1.13237725e-02 -6.53586987e-03 -3.37468447e-03
1.43643686e+01 -1.10031590e+00 1.17887001e-01 -2.57844732e-03 -3.53091986e-03
1.43949962e+01 1.88199489e+00 1.67867249e-02 1.54629264e-03 -3.53091986e-03
1.44256239e+01 -5.06816638e+00 1.89709976e-01 7.87080163e-03 -3.41374332e-03
1.44562515e+01 6.15519524e+00 -2.75968126e-01 5.22891707e-03 -3.14033138e-03
1.44868792e+01 -4.59814465e+00 2.89589399e-01 5.64610469e-03 -3.06221369e-03
1.45175068e+01 2.72090250e+00 -1.32901717e-01 1.04450804e-02 -2.74974290e-03
1.45481345e+01 -2.20697357e+00 1.17102844e-01 9.96119803e-03 -2.47633097e-03
1.45787621e+01 2.02849997e+00 -8.56804082e-02 1.09235935e-02 -2.12480133e-03
1.46093898e+01 -1.82853453e+00 1.00704163e-01 1.13837358e-02 -1.81233055e-03
1.46400174e+01 -1.52350910e-01 -6.73069925e-02 1.24066127e-02 -1.42174207e-03
1.46706451e+01 2.43793817e+00 -8.13054442e-02 7.85496275e-03 -1.10927128e-03
1.47012727e+01 -4.16141271e+00 1.42699518e-01 9.73531905e-03 -8.74918196e-04
1.47319004e+01 4.69123181e+00 -2.39663377e-01 6.76554377e-03 -5.62447412e-04
1.47625280e+01 -3.72753639e+00 1.91380862e-01 5.28676373e-03 -4.45270868e-04
1.47931557e+01 2.06193016e+00 -1.51116195e-01 6.51997593e-03 -2.10917779e-04
1.48237833e+01 -4.52018424e+00 3.83400403e-02 3.06590717e-03 -9.37412353e-05
1.48544110e+01 7.86182321e+00 -3.76987843e-01 -7.30607973e-03 -9.37412353e-05
1.48850386e+01 -5.17515235e+00 3.45379702e-01 -8.27416286e-03 -4.45270868e-04
1.49156663e+01 6.03310810e-01 -1.30128587e-01 -1.68152670e-03 -5.23388564e-04
1.49462940e+01 4.29145809e-02 -7.46946068e-02 -7.95478009e-03 -6.79623956e-04
1.49769216e+01 1.94402540e+00 -7.07514883e-02 -1.24094524e-02 -9.92094740e-04
1.50075493e+01 -2.38102711e+00 1.07871309e-01 -1.12725595e-02 -1.38268322e-03
1.50381769e+01 7.82596707e-01 -1.10904497e-01 -1.13654589e-02 -1.69515400e-03
1.50688046e+01 1.96963481e+00 -3.89971990e-02 -1.59565958e-02 -2.12480133e-03
1.50994322e+01 -3.22314689e+00 1.41978667e-01 -1.28025153e-02 -2.59350751e-03
1.51300599e+01 2.76596915e+00 -1.54173592e-01 -1.31760172e-02 -2.94503714e-03
1.51606875e+01 -1.04324337e+00 9.99718253e-02 -1.48360900e-02 -3.41374332e-03
1.51913152e+01 1.40700433e+00 4.11554222e-03 -1.16481384e-02 -3.80433180e-03
1.52219428e+01 -3.22527667e+00 1.33395257e-01 -7.43650557e-03 -4.11680258e-03
1.52525705e+01 3.33711878e+00 -1.62952693e-01 -8.34178043e-03 -4.31209682e-03
1.52831981e+01 -6.06717572e-01 1.43671640e-01 -8.93231382e-03 -4.62456761e-03
1.53138258e+01 -9.10248489e-01 8.79246366e-02 -1.83906377e-03 -4.78080300e-03
1.53444534e+01 1.52871700e+00 4.28831601e-03 9.85202410e-04 -4.78080300e-03
1.53750811e+01 -2.48562497e+00 1.44751350e-01 5.54993738e-03 -4.70268530e-03
1.54057087e+01 1.61629654e+00 -8.36352156e-02 7.42178106e-03 -4.46833222e-03
1.54363364e+01 9.89305924e-02 6.48748863e-02 6.84719624e-03 -4.27303798e-03
1.54669640e+01 -6.52521647e-01 7.39649215e-02 1.10995335e-02 -3.99962604e-03
1.54975917e+01 -2.07838536e-01 1.40093046e-02 1.37939774e-02 -3.60903756e-03
1.55282193e+01 1.24378527e-01 -5.08751422e-03 1.40672309e-02 -3.17939023e-03
1.55588470e+01 1.06982170e+00 6.34075231e-03 1.41056147e-02 -2.74974290e-03
1.55894746e+01 -1.68467078e+00 1.04639131e-01 1.75046678e-02 -2.28103673e-03
1.56201023e+01 -1.12862492e+00 -5.01533979e-02 1.91734379e-02 -1.69515400e-03
1.56507299e+01 3.48017593e+00 -1.53854790e-01 1.29251462e-02 -1.18738898e-03
1.56813576e+01 -3.27559792e+00 1.65914056e-01 1.32944932e-02 -8.35859348e-04
1.57119852e+01 1.46523218e+00 -1.35057559e-01 1.42395552e-02 -3.67153172e-04
1.57426129e+01 -1.22583352e+00 -4.27697358e-04 1.00899600e-02 -1.56235392e-05
1.57732405e+01 2.07860462e+00 -1.13060903e-01 6.61407071e-03 2.57788397e-04
1.58038682e+01 -1.65059592e+00 7.79274317e-02 5.53801500e-03 4.14023789e-04
1.58344958e+01 3.34328949e-02 -7.37341983e-02 5.66644389e-03 6.09318029e-04
1.58957511e+01 1.31626697e+00 -6.75903720e-02 -2.99043550e-03 6.87435725e-04
1.59263788e+01 -2.16765189e+00 5.33521264e-02 -3.42651952e-03 5.70259181e-04
1.59570065e+01 1.91635151e+00 -1.45818133e-01 -6.25853617e-03 4.53082637e-04
1.59876341e+01 -5.97650835e-02 3.02619052e-02 -9.79775206e-03 1.79670701e-04
1.60182618e+01 -1.67729117e+00 2.47705127e-02 -8.11223834e-03 -9.37412353e-05
1.60488894e+01 2.69043798e+00 -1.29343956e-01 -1.13150773e-02 -3.67153172e-04
1.60795171e+01 -2.28697443e+00 1.17861435e-01 -1.16667600e-02 -7.57741652e-04
1.61101447e+01 2.37896793e+00 -9.22725327e-02 -1.08830320e-02 -1.07021244e-03
1.61407724e+01 -3.15040551e+00 1.26314070e-01 -9.84041965e-03 -1.42174207e-03
1.61714000e+01 4.78466505e+00 -1.63154497e-01 -1.09687554e-02 -1.69515400e-03
1.62020277e+01 -5.11227656e+00 2.76474665e-01 -7.49802476e-03 -2.04668364e-03
1.62326553e+01 3.42896578e+00 -1.93256410e-01 -4.94924504e-03 -2.16386018e-03
1.62632830e+01 -4.46602977e-01 1.21807098e-01 -7.13756968e-03 -2.39821327e-03
1.62939106e+01 -2.83056608e-01 8.07718965e-02 -9.33050846e-04 -2.51538981e-03
1.63245383e+01 -1.14016512e+00 5.47638190e-02 3.21808982e-03 -2.47633097e-03
1.63551659e+01 2.12472257e+00 -4.99979212e-02 3.36405807e-03 -2.35915442e-03
1.63857936e+01 -5.61238810e-01 1.45227866e-01 6.28072763e-03 -2.24197788e-03
1.64164212e+01 -2.59876186e+00 9.36595857e-02 1.35972893e-02 -1.92950709e-03
1.64470489e+01 2.79930264e+00 -1.45122332e-01 1.20211062e-02 -1.49985976e-03
1.64776765e+01 9.18032167e-01 1.12085865e-01 1.10092768e-02 -1.18738898e-03
1.65083042e+01 -7.83092857e+00 1.96437373e-01 2.04586190e-02 -7.18682804e-04
1.65389318e+01 1.27322177e+01 -5.23091481e-01 1.04539709e-02 -1.32800083e-04
1.65695595e+01 -7.11658110e+00 6.46782296e-01 1.42423300e-02 6.24941569e-05
1.66001871e+01 -5.20215116e+00 -7.11020190e-03 3.38339840e-02 9.00957428e-04
1.66308148e+01 6.71702841e+00 -4.85099221e-01 1.87587653e-02 1.78108347e-03
1.66614424e+01 -5.48438266e-01 1.32081195e-01 7.94665224e-03 2.09355425e-03
1.66920701e+01 -1.80428081e+00 8.16890667e-02 1.44939333e-02 2.44508389e-03
1.67226977e+01 9.68075184e-01 -8.40935852e-02 1.44202886e-02 2.91379006e-03
1.67533254e+01 -2.06801992e+00 4.85602296e-03 1.19934281e-02 3.30437854e-03
1.67839530e+01 3.22551271e+00 -1.85159758e-01 6.47114816e-03 3.61684933e-03
1.68145807e+01 -2.67704732e+00 1.11209880e-01 4.20623708e-03 3.73402587e-03
1.68452083e+01 6.85190258e-01 -1.34765138e-01 3.48479487e-03 3.89026126e-03
1.68758360e+01 -6.37137080e-02 -7.18078322e-02 -2.84205007e-03 3.89026126e-03
1.69064636e+01 2.28865911e+00 -7.76620359e-02 -7.41996110e-03 3.73402587e-03
1.69370913e+01 -3.65293365e+00 1.32626725e-01 -5.73652177e-03 3.49967278e-03
1.69677190e+01 2.80659464e+00 -2.03015612e-01 -7.89236808e-03 3.34343739e-03
1.69983466e+01 -7.75958572e-01 5.48625957e-02 -1.24299470e-02 2.99190776e-03
1.70289743e+01 -1.06225762e+00 -1.64347706e-02 -1.12529930e-02 2.64037813e-03
1.70596019e+01 5.02498903e+00 -1.14038139e-01 -1.52490718e-02 2.24978965e-03
1.70902296e+01 -8.16172039e+00 3.47672701e-01 -8.09339387e-03 1.82014232e-03
1.71208572e+01 3.36009519e+00 -4.02250284e-01 -9.76497708e-03 1.66390693e-03
1.71514849e+01 6.32935476e+00 -9.35148106e-02 -2.49490976e-02 1.08403326e-03
1.71821125e+01 -6.29809771e+00 4.88045006e-01 -1.28655643e-02 4.14023789e-04
1.72127402e+01 -3.79079052e-01 -9.06428205e-02 -6.94068646e-04 2.96847245e-04
1.72433678e+01 2.37642486e+00 -1.25473724e-01 -7.31321086e-03 1.79670701e-04
1.72739955e+01 3.89860471e-01 9.28792137e-02 -8.31150416e-03 -9.37412353e-05
1.73046231e+01 -1.21687221e+00 1.28700746e-01 -1.52503037e-03 -2.49976627e-04
1.73352508e+01 3.99136589e-01 1.68909313e-02 2.93410078e-03 -2.10917779e-04
1.73658784e+01 -3.79674143e-01 5.35647804e-02 5.09199376e-03 -9.37412353e-05
1.73965061e+01 -2.95893181e+00 1.86791983e-02 7.30465717e-03 1.01553005e-04
1.74271337e+01 1.08559041e+01 -2.53196199e-01 1.21952182e-04 2.57788397e-04
1.74577614e+01 -1.16680608e+01 7.44276348e-01 1.51625838e-02 3.35906093e-04
1.74883890e+01 1.08736357e+00 -3.27819556e-01 2.79176774e-02 1.16324351e-03
1.75190167e+01 5.34115598e+00 -2.27909378e-01 1.08970052e-02 1.74202462e-03
1.75496443e+01 -5.02570434e+00 2.62851814e-01 1.19672100e-02 2.01543656e-03
1.75802720e+01 3.88568327e+00 -1.98924750e-01 1.39251458e-02 2.48414274e-03
1.76108996e+01 -2.36004514e+00 1.58103309e-01 1.26748809e-02 2.83567237e-03
1.76415273e+01 -1.24298903e+00 -5.87446112e-02 1.57180045e-02 3.30437854e-03
1.76721549e+01 3.25350947e+00 -1.72954116e-01 8.62161666e-03 3.69496702e-03
1.77027826e+01 -2.25456798e+00 1.25987947e-01 7.18315320e-03 3.89026126e-03
1.77334102e+01 -1.03272386e+00 -8.11684208e-02 8.55587003e-03 4.16367320e-03
1.77640379e+01 2.30697164e+00 -1.76058141e-01 6.77624542e-04 4.31990859e-03
1.77946655e+01 -1.39767637e+00 3.59132298e-02 -3.61468495e-03 4.24179090e-03
1.78252932e+01 -7.94757976e-01 -9.25094042e-02 -5.34809286e-03 4.12461435e-03
1.78559208e+01 3.21721101e+00 -1.65534115e-01 -1.32513599e-02 3.85120242e-03
1.78865485e+01 -3.91710245e+00 1.30072737e-01 -1.43374586e-02 3.38249624e-03
1.79171762e+01 7.01320973e+00 -2.29842209e-01 -1.73931632e-02 2.95284891e-03
1.79478038e+01 -1.19002611e+01 4.14552222e-01 -1.17359293e-02 2.40602504e-03
1.79784315e+01 6.60040290e+00 -6.78878926e-01 -1.98316354e-02 2.09355425e-03
1.80090591e+01 9.96960023e+00 -7.24144052e-02 -4.28419858e-02 1.03896536e-03
1.80396868e+01 -1.52103667e+01 8.43621921e-01 -1.92217107e-02 -5.46823873e-05
1.80703144e+01 7.36795418e+00 -5.53951515e-01 -1.03497865e-02 -2.89035475e-04
1.81009421e+01 6.93019930e-01 1.23037884e-01 -2.35476590e-02 -9.13977044e-04
1.81315697e+01 -3.34254757e+00 1.86714603e-01 -1.40606678e-02 -1.49985976e-03
1.81621974e+01 1.80119223e+00 -1.20408544e-01 -1.20298689e-02 -1.85138940e-03
1.81928250e+01 1.57576771e+00 4.50903204e-02 -1.43366892e-02 -2.28103673e-03
1.82234527e+01 -1.30677674e+00 1.89876513e-01 -7.14020688e-03 -2.63256636e-03
1.82540803e+01 9.32344711e-01 6.98060056e-02 8.13258821e-04 -2.71068405e-03
1.82847080e+01 -1.06310484e+00 1.55472592e-01 7.71301322e-03 -2.59350751e-03
1.83153356e+01 1.96057738e+00 5.77913786e-02 1.42447878e-02 -2.24197788e-03
1.83459633e+01 -8.13870194e+00 2.37935021e-01 2.33021929e-02 -1.69515400e-03
1.83765909e+01 1.42802632e+01 -5.09872960e-01 1.49733725e-02 -9.92094740e-04
1.84072186e+01 -7.22636342e+00 8.02239816e-01 2.39278826e-02 -6.01506260e-04
1.84378462e+01 -1.85137440e+00 1.38260193e-01 5.27331892e-02 6.76276055e-04
1.84684739e+01 -7.02073000e+00 -3.18495561e-02 5.59922971e-02 2.36787454e-03
1.84991015e+01 1.81820955e+01 -6.76934972e-01 3.42838916e-02 3.85120242e-03
1.85297292e+01 -1.67973665e+01 9.93689679e-01 4.39853443e-02 4.78861477e-03
1.85603568e+01 6.86295519e+00 -5.49701982e-01 5.75836448e-02 6.58532178e-03
1.85909845e+01 1.58102110e+00 8.08866184e-02 4.32249312e-02 8.03049916e-03
1.86216121e+01 -5.03005599e+00 2.26155508e-01 5.26289105e-02 9.47567653e-03
1.86522398e+01 4.94423020e+00 -2.36020898e-01 5.23267568e-02 1.11552070e-02
1.86828674e+01 -7.94937849e+00 2.18269581e-01 5.17830756e-02 1.26785021e-02
1.87134951e+01 1.05393166e+01 -5.12142801e-01 4.27824290e-02 1.42408560e-02
1.87441227e+01 -1.10964342e+01 4.56240743e-01 4.10702803e-02 1.53735626e-02
1.87747504e+01 6.65647496e+00 -5.63332418e-01 3.77903138e-02 1.67406223e-02
1.88053780e+01 -1.93449299e+00 4.82841694e-02 2.20155955e-02 1.75608581e-02
1.88360057e+01 -2.78000261e-01 -1.29462762e-01 1.95292859e-02 1.82248585e-02
1.88666333e+01 1.68699677e+00 -1.55006248e-01 1.08166681e-02 1.86935647e-02
1.88972610e+01 0 0 0 1.89279178e-02
